2.72
2.78
2.73
2.67
2.69
2.7
2.81
2.74
2.69
2.74
2.74
2.7
2.73
2.72
2.74
2.72
2.73
2.74
2.67
2.67
2.69
2.68
2.65
2.69
2.73
2.84
2.92
2.97
2.95
2.88
2.85
2.83
2.84
2.82
2.8
2.82
2.78
2.77
2.75
2.75
2.76
2.74
2.74
2.74
2.82
2.83
2.84
2.86
2.85
2.84
2.88
2.89
2.89
2.9
2.9
2.93
2.93
2.95
2.93
2.9
2.9
2.89
2.88
2.9
2.91
2.91
2.9
2.9
2.89
2.9
2.91
2.9
2.94
2.98
3
2.98
2.98
2.99
3.03
3.22
3.19
3.19
3.24
3.26
3.32
3.36
3.39
3.36
3.36
3.41
3.38
3.41
3.45
3.47
3.44
3.47
3.54
3.55
3.51
3.48
3.52
3.5
3.53
3.52
3.52
3.53
3.54
3.52
3.5
3.51
3.52
3.53
3.56
3.56
3.54
3.54
3.54
3.52
3.48
3.47
3.45
3.45
3.49
3.47
3.47
3.47
3.47
3.47
3.49
3.47
3.48
3.48
3.43
3.46
3.46
3.48
3.51
3.5
3.5
3.5
3.52
3.54
3.54
3.55
3.57
3.59
3.58
3.56
3.57
3.58
3.61
3.79
3.82
3.81
3.86
3.86
3.83
3.8
3.77
3.81
3.85
3.89
3.9
3.94
3.99
3.96
3.94
3.92
3.91
3.92
3.93
3.93
3.93
3.91
3.89
3.89
3.9
3.88
3.85
3.81
3.8
3.78
3.81
3.87
3.86
3.82
3.81
3.84
3.83
3.82
3.86
3.88
3.9
3.88
3.94
4.02
4.01
4.01
4.04
4.05
4.07
4.07
4.09
4.11
4.12
4.34
4.41
4.48
4.48
4.54
4.6
4.62
4.58
4.64
4.64
4.67
4.66
4.62
4.63
4.64
4.51
4.52
4.54
4.65
4.65
4.64
4.67
4.61
4.64
4.64
4.59
4.58
4.53
4.4
4.47
4.69
4.87
4.9
4.73
4.82
4.88
5.06
5.02
5.07
5.2
5.42
5.54
5.4
5.39
5.45
5.37
5.23
5.3
5.41
5.39
5.26
5.17
5.16
4.97
4.82
4.8
4.8
4.81
4.71
4.66
4.49
4.54
4.61
4.61
4.46
4.37
4.28
4.15
4.13
3.95
3.85
3.83
3.72
3.72
3.66
3.59
3.5
3.43
3.41
3.57
3.47
3.75
4.2
4.18
4.2
4.25
4.16
4.17
4.21
4.36
4.41
4.3
4.37
4.54
4.47
4.49
4.57
4.62
4.56
4.57
4.64
4.63
4.86
4.93
4.92
4.97
4.98
5.01
5.01
5.07
5.02
4.97
4.85
5
4.97
4.97
5.03
5.04
5.26
5.25
5.14
5.2
5.35
5.4
5.5
5.5
5.53
5.68
5.82
5.7
5.66
5.69
5.45
5.3
5.35
5.37
5.38
5.23
5.09
4.96
5.12
5.15
5.19
5.21
5.28
5.18
5.12
5.2
5.32
5.35
5.4
5.48
5.49
5.42
5.43
5.47
5.66
5.84
6.03
6.22
6.2
6.18
6.11
6.11
6.16
6.19
6.09
6.09
6.11
6.11
6.01
6
5.94
6.05
6.15
6.2
6.13
5.93
5.98
6.08
6.06
6.1
6.26
6.67
6.56
6.3
6.63
6.96
7.02
7.12
7.09
6.98
7
6.87
7.07
7.03
7.11
7.13
7.1
7.06
6.99
7.02
6.94
7
7.07
7.15
7.25
7.5
7.6
7.82
7.88
7.84
8.02
7.91
7.83
7.83
7.89
7.61
7.2
6.79
6.88
6.89
6.76
6.71
6.16
6.35
6.4
6.37
6.59
6.86
6.82
6.8
6.73
7
6.82
6.76
6.71
6.51
6.46
6.62
6.46
6.34
6.37
6.46
6.53
6.42
6.25
6.37
6.4
6.22
5.8
5.84
6.03
5.95
5.83
5.84
5.56
5.48
5.19
4.99
4.97
4.92
4.77
4.83
4.88
4.84
4.51
4.2
4.2
4.06
3.7
3.56
3.43
3.35
3.28
3.39
3.37
3.61
3.79
3.96
3.81
3.95
3.85
3.96
4.37
4.39
4.3
4.59
4.95
4.87
5.19
5.42
5.38
5.46
5.4
5.29
5.25
4.71
4.68
4.49
4.63
4.8
4.75
4.64
4.53
4.44
4.47
4.36
4.18
4.18
4.14
4.34
4.28
4.11
4.04
4.02
3.73
3.6
3.17
3.32
3.46
3.36
3.1
3.05
3.23
3.45
3.57
3.87
3.82
3.83
3.81
3.82
3.64
3.55
3.57
3.59
3.76
3.8
3.83
3.86
3.87
3.97
3.97
4.07
4.05
3.93
3.94
3.79
3.86
3.9
4.13
4.47
4.71
4.71
4.66
4.6
4.66
4.79
4.78
4.73
4.74
4.71
4.76
4.82
4.88
5
5.05
5.15
5.13
5.16
5.19
5.4
5.67
5.7
5.56
5.43
5.58
5.81
5.85
6.05
6.31
6.29
6.45
6.2
6.16
6.23
6.24
6.07
6.22
6.56
6.91
7.07
7.15
7.25
7.32
7.94
7.78
8.03
8.17
8.3
8.7
8.88
8.71
8.62
8.8
8.94
8.38
7.13
7.42
7.14
7.16
7.07
7.38
8.12
8.11
7.72
7.52
7.47
7.51
7.35
7.5
7.49
7.72
7.89
7.99
7.55
7.03
7.06
7.07
7.36
7.71
7.82
8.06
8.35
8.51
8.49
8.05
8.1
8.81
8.6
8
7.9
8.04
8.05
8.23
7.88
7.45
7.53
7.45
7.72
7.43
7.84
8.75
8.75
9.29
9.37
9.34
9.1
7.64
6.81
6.64
7.24
7.73
7.6
7.95
7.66
7.26
7.46
7.45
7.44
7.24
6.92
7.01
6.96
6.59
6.54
5.98
5.68
5.61
5.65
5.25
5.47
5.57
5.46
5.41
5.53
5.62
5.74
5.44
5.66
5.51
5.41
5.04
5.16
5.23
5.23
5
5.24
5.8
5.98
6.06
6.05
6.27
6.28
6.42
6.42
6.46
6.49
6.38
6.43
6.45
6.38
6.46
6.23
6.01
5.73
5.58
5.5
5.37
5.49
5.54
5.57
5.6
5.44
5.28
5.19
5.07
4.84
4.78
4.72
4.9
4.85
4.87
4.9
5.2
4.99
4.98
4.87
4.97
4.91
4.8
4.78
4.88
4.91
5.11
5.33
5.47
5.53
5.44
5.38
5.34
5.36
5.34
5.15
5.23
5.17
5.16
5.17
5.15
5.11
5.09
5.11
5.1
5.05
5.06
5.04
4.86
4.84
4.9
4.83
4.92
4.8
4.6
4.42
4.41
4.33
4.27
4.34
4.49
4.58
4.65
4.72
4.71
4.62
4.63
4.71
4.66
4.63
4.59
4.57
4.57
4.58
4.55
4.51
4.51
4.75
4.96
5.05
5.06
5.03
5.06
5.01
5.01
4.97
5.12
5.16
5.21
5.27
5.35
5.47
5.56
5.53
5.56
5.65
5.86
5.9
5.89
6.09
6.32
6.17
6.09
6.2
6.15
6.07
6.06
6.04
6.07
6.03
6.03
6.16
6.2
6.6
6.48
6.44
6.42
6.44
6.48
6.45
6.39
6.29
6.27
6.21
6.34
6.37
6.29
6.22
6.26
6.38
6.37
6.32
6.51
6.62
6.62
6.65
6.79
6.93
7.05
7.16
7.05
6.83
6.8
6.79
7.12
7.25
7.5
7.6
7.77
8.02
7.96
8.14
7.98
7.89
7.7
8.73
8.79
8.14
8.63
8.98
8.93
8.93
9.28
9.25
9.34
9.3
9.44
9.34
9.28
9.24
9.28
9.41
9.44
9.44
9.51
9.54
9.46
9.53
9.7
9.41
9.23
9.58
9.63
9.6
9.64
9.55
9.36
8.97
8.96
8.83
9.1
9.28
9.31
9.28
9.23
9.4
9.52
9.55
9.74
10.2
10.45
10.26
10.14
10.43
11.62
11.91
12.6
12.07
12.25
11.9
11.77
11.26
11.75
12.34
12.06
11.99
12.1
11.72
11.91
12.17
12.15
12.05
12.36
13.38
13.78
15.37
15.32
14.76
15.55
14.78
14.3
13.57
12.18
10.47
9.14
8.53
8.15
7.7
7.51
6.44
6.76
7.42
7.92
8.08
7.98
7.93
8.44
8.58
8.6
9.41
10.01
9.78
10.09
10.26
10.45
11.39
11.24
11.07
11.66
12.51
13.28
13.29
13.98
14.31
14.98
16.76
16.21
14.62
14.31
14.31
15.19
15.65
15.01
14.9
15.51
14.68
14.19
14.44
13.79
12.63
12.91
12.6
13.67
13.66
13.74
14.52
16.44
16.75
16.61
15.61
15.69
14.79
14.31
14.39
14.34
14.82
14.56
15.5
15.07
15.43
15.25
15.63
15.71
15.59
15.14
14.35
14.29
14.37
13.81
13.41
13.37
13.14
12.21
10.93
10.31
10.23
10.39
10.47
10.94
11.14
11.35
11.59
12.07
12.66
12.79
13.68
14.12
14.06
12.31
12.26
12.47
12.85
12.72
13.32
13.1
12.77
12.39
12.42
12.54
12.38
11.9
11.54
12.09
12.06
12.46
12.88
12.81
12.23
11.71
10.64
10.51
9.8
9.7
7.88
7.5
8.31
8.34
8.03
7.53
7.52
7.93
7.48
7.54
7.93
7.78
8.07
8.31
7.94
8.14
7.96
7.8
7.91
8.01
7.92
7.66
7.75
8.05
8.16
8.22
8.16
7.91
7.97
8.25
8.31
8.55
8.64
8.45
8.16
8.12
8.11
8.03
8.03
8.14
8.48
8.57
8.76
8.7
8.97
8.88
9.07
9.1
9.1
9.13
9.41
9.52
9.35
9.15
9.26
9.13
9.08
8.94
8.75
8.62
8.79
8.53
8.66
8.58
8.77
8.81
8.79
8.88
8.97
9.09
9
8.96
8.95
8.88
8.88
8.93
8.91
9.06
9.09
9.18
9.18
9.29
9.43
9.76
9.72
9.74
9.65
9.76
9.64
9.73
9.97
9.88
9.79
9.76
9.81
9.95
9.91
9.81
9.92
10.04
10.11
10.25
10.42
10.48
10.31
10.44
10.65
10.61
10.38
10.29
10.24
10.19
10.01
9.81
9.33
9.1
8.65
8.68
8.55
8.41
8.44
8.27
7.81
7.67
7.83
7.75
7.73
7.65
7.92
8.17
8.21
8.31
8.47
8.69
8.55
8.51
8.29
8.17
8.08
7.86
7.77
7.78
7.76
7.5
7.25
7.19
7.01
7.03
6.81
6.97
6.9
6.99
7.07
7.22
7.28
7.21
7.13
7.07
7.07
7.14
7.23
7.12
6.89
7.01
7.17
7.2
7.22
7.2
7.25
7.29
7.23
7.18
7.24
7.1
7.06
7.02
7.04
7.13
7.17
6.99
6.98
7.06
7.11
7.05
7.04
6.79
6.59
6.49
6.39
6.31
6.07
5.84
6.03
6.11
6.05
6.14
6.2
6.24
6.42
6.29
6.1
6.07
5.97
5.86
5.75
5.78
5.83
5.71
5.6
5.48
5.27
5.21
5.2
5.18
5.24
5.19
5.05
5.2
5.29
5.19
5.26
5.41
5.36
5.39
5.42
5.49
5.57
5.56
5.65
5.46
5.35
5.35
5.51
5.62
5.75
5.55
5.45
5.54
5.66
5.55
5.6
5.56
5.62
5.8
5.54
5.69
5.61
5.69
5.68
5.67
5.7
5.55
5.65
5.77
5.68
5.61
5.58
5.66
5.94
5.87
5.94
6.05
6.24
6.21
6.39
6.36
6.48
6.62
6.65
6.98
5.7
5.17
5.62
5.78
5.78
5.72
5.41
5.86
5.9
5.83
5.73
5.86
5.81
5.85
5.74
5.67
5.65
5.72
5.63
5.63
5.73
5.64
5.77
5.74
5.99
5.89
5.83
5.91
6.16
6.26
6.22
6.35
6.45
6.43
6.36
6.5
6.57
6.58
6.7
6.72
6.93
6.89
6.98
7.03
7.2
7.28
7.3
7.18
7.19
7.3
7.25
7.31
7.4
7.42
7.38
7.57
7.91
8.01
7.94
7.96
8.09
8.11
8.16
8.24
8.26
8.24
8.29
8.38
8.52
8.52
8.57
8.67
8.64
8.74
9.03
9
8.82
8.69
8.55
8.53
8.54
8.43
8.3
8.41
8.54
8.18
8.14
8.13
8.03
7.81
7.77
7.97
7.98
7.71
7.92
7.95
7.98
7.9
7.82
7.6
7.73
7.84
7.76
7.66
7.5
7.6
7.77
7.74
7.67
7.6
7.63
7.61
7.65
7.6
7.68
7.59
7.53
7.72
7.69
7.76
7.8
7.66
7.74
7.76
7.91
7.96
7.93
7.85
7.77
7.78
7.76
7.78
7.85
7.74
7.67
7.71
7.74
7.7
7.7
7.74
7.77
7.71
7.73
7.57
7.53
7.43
7.37
7.45
7.54
7.46
7.38
7.38
7.38
7.29
7.13
7.16
7.2
7.19
7.11
7.08
7.07
7.07
7.04
6.99
6.83
6.66
6.48
6.47
6.31
6.07
6.12
6.17
5.94
5.87
5.94
6.04
6.05
5.83
5.87
5.82
5.75
5.59
5.63
5.66
5.51
5.48
5.44
5.44
5.46
5.58
5.58
5.58
5.56
5.58
5.57
5.59
5.58
5.53
5.4
5.29
5.24
5.34
5.32
5.23
5.19
5.16
5.07
5.01
5
5.01
4.85
4.68
4.62
4.49
4.39
4.32
4.16
4.03
3.81
3.87
3.77
3.81
3.77
3.84
3.81
3.76
3.87
3.94
4.04
4.02
4.06
4.03
4.01
3.8
3.63
3.68
3.69
3.63
3.6
3.61
3.71
3.71
3.67
3.63
3.64
3.48
3.22
3.19
3.17
3.18
3.16
3.11
3.07
3.16
3.1
2.91
2.89
2.89
2.69
2.76
2.9
2.95
2.94
3.03
3.08
3.16
3.24
3.3
3.24
3.21
3.18
3.15
3.09
3
2.99
2.92
2.92
2.93
2.92
2.95
2.95
2.98
2.97
2.92
2.91
2.91
2.85
2.81
2.91
2.87
2.91
2.99
3.06
3.06
3.1
3.05
3.09
3.01
3.02
3.02
3.07
3.06
3.06
3.02
3
3
2.99
2.96
2.96
2.93
2.92
2.97
3.02
3.04
3.06
3.08
3.1
3.11
3.12
3.12
3.07
3.04
3.06
3.02
3.05
2.97
2.96
2.93
3.08
3.25
3.27
3.35
3.47
3.52
3.52
3.49
3.5
3.6
3.57
3.73
3.85
4.04
4.19
4.16
4.18
4.15
4.11
4.12
4.16
4.16
4.28
4.37
4.3
4.39
4.34
4.4
4.56
4.55
4.56
4.56
4.59
4.71
4.66
4.9
4.91
4.94
5.01
5.1
5.22
5.34
5.31
5.53
5.7
5.66
5.49
5.52
5.67
5.66
5.7
5.77
5.82
5.79
5.75
5.72
5.74
5.76
5.75
5.72
5.69
5.7
5.63
5.61
5.67
5.65
5.64
5.69
5.69
5.55
5.56
5.48
5.42
5.43
5.43
5.39
5.43
5.44
5.42
5.4
5.44
5.41
5.31
5.33
5.31
5.22
5.26
5.3
5.3
5.27
5.24
5.31
5.38
5.38
5.35
5.33
5.32
5.26
5.02
4.89
5.02
5.03
4.98
4.97
4.93
4.81
4.79
4.82
4.87
4.89
4.97
5
5
5.01
4.97
4.85
4.96
5
5
5.01
5.04
5.04
5.09
5.11
5.09
5.09
5.13
5.15
5.13
5.16
5.15
5.03
5.03
5.02
5.09
